 Tev(Myr)    type      Mo        Mt      log10(L)  log10(R) log10(Teff)  Mc        Menv              epoch      spin                                  
    0.0000    1.0000   16.0000   16.0000    4.3633    0.7185    4.4949    0.0000  1.0000E-10      0.0000  1.8861E+03
    0.5756    1.0000   15.9915   15.9915    4.3740    0.7295    4.4920    0.0000  1.0000E-10      0.0000  1.8337E+03
    1.1515    1.0000   15.9826   15.9826    4.3857    0.7407    4.4893    0.0000  1.0000E-10     -0.0004  1.7813E+03
    1.7279    1.0000   15.9732   15.9732    4.3983    0.7521    4.4868    0.0000  1.0000E-10     -0.0014  1.7283E+03
    2.3048    1.0000   15.9632   15.9632    4.4119    0.7638    4.4843    0.0000  1.0000E-10     -0.0029  1.6744E+03
    2.8822    1.0000   15.9526   15.9526    4.4265    0.7760    4.4819    0.0000  1.0000E-10     -0.0050  1.6191E+03
    3.4601    1.0000   15.9413   15.9413    4.4420    0.7887    4.4794    0.0000  1.0000E-10     -0.0078  1.5621E+03
    4.0385    1.0000   15.9292   15.9292    4.4584    0.8021    4.4768    0.0000  1.0000E-10     -0.0114  1.5031E+03
    4.6176    1.0000   15.9161   15.9161    4.4758    0.8163    4.4740    0.0000  1.0000E-10     -0.0160  1.4417E+03
    5.1973    1.0000   15.9020   15.9020    4.4941    0.8315    4.4711    0.0000  1.0000E-10     -0.0216  1.3778E+03
    5.7777    1.0000   15.8867   15.8867    4.5133    0.8477    4.4678    0.0000  1.0000E-10     -0.0285  1.3109E+03
    6.3589    1.0000   15.8701   15.8701    4.5334    0.8651    4.4641    0.0000  1.0000E-10     -0.0369  1.2409E+03
    6.9410    1.0000   15.8518   15.8518    4.5544    0.8840    4.4599    0.0000  1.0000E-10     -0.0471  1.1674E+03
    7.5239    1.0000   15.8317   15.8317    4.5763    0.9048    4.4549    0.0000  1.0000E-10     -0.0593  1.0896E+03
    8.1079    1.0000   15.8094   15.8094    4.5990    0.9280    4.4490    0.0000  1.0000E-10     -0.0741  1.0068E+03
    8.6930    1.0000   15.7845   15.7845    4.6225    0.9545    4.4416    0.0000  1.0000E-10     -0.0919  9.1769E+02
    9.2794    1.0000   15.7565   15.7565    4.6468    0.9858    4.4321    0.0000  1.0000E-10     -0.1135  8.2046E+02
    9.8673    1.0000   15.7246   15.7246    4.6718    1.0239    4.4193    0.0000  1.0000E-10     -0.1399  7.1316E+02
   10.3620    1.0000   15.6937   15.6937    4.6932    1.0636    4.4048    0.0000  1.0000E-10     -0.1673  6.1381E+02
   10.7639    1.0000   15.6650   15.6650    4.7108    1.1028    4.3896    0.0000  1.0000E-10     -0.1942  5.2691E+02
   11.0996    1.0000   15.6378   15.6378    4.7256    1.1419    4.3737    0.0000  1.0000E-10     -0.2207  4.5075E+02
   11.6602    1.0000   15.5869   15.5869    4.8109    1.1216    4.4052    0.0000  1.0000E-10     -0.2722  4.5317E+02
   11.6627    1.0000   15.5866   15.5866    4.8137    1.1152    4.4091    0.0000  1.0000E-10     -0.2725  4.6250E+02
   11.6627    2.0000   15.5866   15.5866    4.8137    1.1106    4.4114    3.9204  1.0000E-10     -0.2725  6.2513E+02
   11.6637    2.0000   15.5866   15.5864    4.8168    1.1518    4.3915    3.9239  1.0000E-10     -0.2725  5.4685E+02
   11.6648    2.0000   15.5866   15.5862    4.8199    1.1930    4.3717    3.9274  1.0000E-10     -0.2725  4.7648E+02
   11.6658    2.0000   15.5866   15.5861    4.8229    1.2343    4.3519    3.9309  1.0000E-10     -0.2725  4.1359E+02
   11.6668    2.0000   15.5866   15.5859    4.8260    1.2755    4.3320    3.9344  1.0000E-10     -0.2725  3.5772E+02
   11.6679    2.0000   15.5866   15.5857    4.8291    1.3167    4.3122    3.9378  1.0000E-10     -0.2725  3.0836E+02
   11.6689    2.0000   15.5866   15.5855    4.8322    1.3579    4.2924    3.9413  1.0000E-10     -0.2725  2.6498E+02
   11.6700    2.0000   15.5866   15.5853    4.8353    1.3991    4.2725    3.9448  1.0000E-10     -0.2725  2.2704E+02
   11.6710    2.0000   15.5866   15.5851    4.8383    1.4403    4.2527    3.9483  1.0000E-10     -0.2725  1.9400E+02
   11.6720    2.0000   15.5866   15.5849    4.8414    1.4815    4.2329    3.9517  1.0000E-10     -0.2725  1.6536E+02
   11.6731    2.0000   15.5866   15.5846    4.8445    1.5227    4.2130    3.9552  1.0000E-10     -0.2725  1.4062E+02
   11.6741    2.0000   15.5866   15.5844    4.8476    1.5640    4.1932    3.9587  1.0000E-10     -0.2725  1.1934E+02
   11.6751    2.0000   15.5866   15.5841    4.8506    1.6052    4.1733    3.9622  1.0000E-10     -0.2725  1.0108E+02
   11.6762    2.0000   15.5866   15.5838    4.8537    1.6464    4.1535    3.9657  1.0000E-10     -0.2725  8.5471E+01
   11.6772    2.0000   15.5866   15.5834    4.8568    1.6876    4.1337    3.9691  1.0000E-10     -0.2725  7.2157E+01
   11.6782    2.0000   15.5866   15.5830    4.8599    1.7288    4.1138    3.9726  1.0000E-10     -0.2725  6.0830E+01
   11.6793    2.0000   15.5866   15.5826    4.8630    1.7700    4.0940    3.9761  1.0000E-10     -0.2725  5.1215E+01
   11.6803    2.0000   15.5866   15.5822    4.8660    1.8112    4.0742    3.9796  1.0000E-10     -0.2725  4.3069E+01
   11.6813    2.0000   15.5866   15.5817    4.8691    1.8525    4.0543    3.9831  1.0000E-10     -0.2725  3.6180E+01
   11.6824    2.0000   15.5866   15.5812    4.8722    1.8937    4.0345    3.9865  1.0000E-10     -0.2725  3.0363E+01
   11.6834    2.0000   15.5866   15.5806    4.8753    1.9349    4.0147    3.9900  1.0000E-10     -0.2725  2.5458E+01
   11.6844    2.0000   15.5866   15.5799    4.8784    1.9761    3.9948    3.9935  1.0000E-10     -0.2725  2.1328E+01
   11.6855    2.0000   15.5866   15.5793    4.8814    2.0173    3.9750    3.9970  1.0000E-10     -0.2725  1.7855E+01
   11.6860    4.0000   15.5866   15.5789    4.8831    2.0393    3.9644    3.9988  1.0000E-10     -0.2725  1.6236E+01
   11.6991    4.0000   15.5866   15.5689    4.8838    2.0630    3.9527    4.0108  1.0000E-10     -0.2725  1.4247E+01
   11.7028    4.0000   15.5866   15.5660    4.8840    2.0894    3.9395    4.0142  1.0000E-10     -0.2725  1.2612E+01
   11.7056    4.0000   15.5866   15.5636    4.8841    2.1195    3.9246    4.0167  1.0000E-10     -0.2725  1.1008E+01
   11.7080    4.0000   15.5866   15.5615    4.8843    2.1528    3.9079    4.0189  1.0000E-10     -0.2725  9.4752E+00
   11.7102    4.0000   15.5866   15.5595    4.8844    2.1893    3.8897    4.0209  1.0000E-10     -0.2725  8.0465E+00
   11.7121    4.0000   15.5866   15.5575    4.8845    2.2288    3.8700    4.0227  1.0000E-10     -0.2725  6.7427E+00
   11.7139    4.0000   15.5866   15.5556    4.8846    2.2697    3.8496    4.0243  1.0000E-10     -0.2725  5.6147E+00
   11.7154    4.0000   15.5866   15.5538    4.8847    2.3107    3.8291    4.0257  1.0000E-10     -0.2725  4.6750E+00
   11.7168    4.0000   15.5866   15.5520    4.8847    2.3516    3.8086    4.0270  1.0000E-10     -0.2725  3.8913E+00
   11.7181    4.0000   15.5866   15.5503    4.8848    2.3927    3.7881    4.0282  1.0000E-10     -0.2725  3.2369E+00
   11.7193    4.0000   15.5866   15.5485    4.8849    2.4340    3.7675    4.0293  1.0000E-10     -0.2725  2.6898E+00
   11.7205    4.0000   15.5866   15.5467    4.8849    2.4750    3.7470    4.0303  1.0000E-10     -0.2725  2.2375E+00
   11.7215    4.0000   15.5866   15.5449    4.8850    2.5159    3.7265    4.0313  1.0000E-10     -0.2725  1.8607E+00
   11.7225    4.0000   15.5866   15.5431    4.8850    2.5569    3.7061    4.0322  1.0000E-10     -0.2725  1.5467E+00
   11.7234    4.0000   15.5866   15.5412    4.8851    2.5980    3.6856    4.0330  1.0000E-10     -0.2725  1.2853E+00
   11.7243    4.0000   15.5866   15.5393    4.8851    2.6390    3.6651    4.0338  1.0000E-10     -0.2725  1.0676E+00
   11.7252    4.0000   15.5866   15.5373    4.8852    2.6801    3.6445    4.0346  5.3269E-04     -0.2725  8.7276E-01
   11.7260    4.0000   15.5866   15.5352    4.8852    2.7211    3.6241    4.0354  6.2802E-02     -0.2725  5.7754E-01
   11.7268    4.0000   15.5866   15.5331    4.8853    2.7622    3.6035    4.0361  7.6208E-01     -0.2725  2.7288E-01
   11.7276    4.0000   15.5866   15.5308    4.8853    2.8034    3.5829    4.0368  4.2845E+00     -0.2725  1.1221E-01
   11.7406    4.0000   15.5866   15.4894    4.8860    2.8289    3.5703    4.0487  9.7421E+00     -0.2725  6.4551E-02
   11.7537    4.0000   15.5866   15.4458    4.8867    2.8298    3.5700    4.0607  9.6681E+00     -0.2725  6.3090E-02
   11.7668    4.0000   15.5866   15.4021    4.8874    2.8308    3.5697    4.0726  9.5940E+00     -0.2725  6.1649E-02
   11.7798    4.0000   15.5866   15.3582    4.8881    2.8318    3.5694    4.0846  9.5200E+00     -0.2725  6.0229E-02
   11.7929    4.0000   15.5866   15.3142    4.8888    2.8328    3.5691    4.0965  9.4458E+00     -0.2725  5.8830E-02
   11.8060    4.0000   15.5866   15.2701    4.8895    2.8338    3.5687    4.1084  9.3716E+00     -0.2725  5.7450E-02
   11.8191    4.0000   15.5866   15.2258    4.8902    2.8348    3.5684    4.1204  9.2974E+00     -0.2725  5.6091E-02
   11.8321    4.0000   15.5866   15.1813    4.8909    2.8358    3.5681    4.1323  9.2231E+00     -0.2725  5.4752E-02
   11.8452    4.0000   15.5866   15.1367    4.8916    2.8368    3.5678    4.1443  9.1487E+00     -0.2725  5.3434E-02
   11.8583    4.0000   15.5866   15.0919    4.8923    2.8379    3.5674    4.1562  9.0743E+00     -0.2725  5.2135E-02
   11.8714    4.0000   15.5866   15.0470    4.8930    2.8389    3.5671    4.1682  8.9999E+00     -0.2725  5.0856E-02
   11.8844    4.0000   15.5866   15.0020    4.8937    2.8399    3.5668    4.1801  8.9254E+00     -0.2725  4.9597E-02
   11.8975    4.0000   15.5866   14.9567    4.8944    2.8409    3.5664    4.1921  8.8509E+00     -0.2725  4.8358E-02
   11.9106    4.0000   15.5866   14.9114    4.8951    2.8419    3.5661    4.2040  8.7764E+00     -0.2725  4.7138E-02
   11.9236    4.0000   15.5866   14.8658    4.8958    2.8429    3.5658    4.2160  8.7018E+00     -0.2725  4.5938E-02
   11.9367    4.0000   15.5866   14.8201    4.8965    2.8440    3.5654    4.2279  8.6272E+00     -0.2725  4.4758E-02
   11.9498    4.0000   15.5866   14.7743    4.8972    2.8450    3.5651    4.2398  8.5525E+00     -0.2725  4.3597E-02
   11.9629    4.0000   15.5866   14.7283    4.8979    2.8460    3.5647    4.2518  8.4778E+00     -0.2725  4.2456E-02
   11.9759    4.0000   15.5866   14.6821    4.8986    2.8471    3.5644    4.2637  8.4030E+00     -0.2725  4.1333E-02
   11.9890    4.0000   15.5866   14.6358    4.8993    2.8481    3.5640    4.2757  8.3283E+00     -0.2725  4.0230E-02
   12.0021    4.0000   15.5866   14.5893    4.9000    2.8492    3.5637    4.2876  8.2535E+00     -0.2725  3.9146E-02
   12.0152    4.0000   15.5866   14.5427    4.9007    2.8502    3.5634    4.2996  8.1786E+00     -0.2725  3.8080E-02
   12.0282    4.0000   15.5866   14.4959    4.9014    2.8513    3.5630    4.3115  8.1038E+00     -0.2725  3.7034E-02
   12.0413    4.0000   15.5866   14.4489    4.9022    2.8523    3.5627    4.3235  8.0289E+00     -0.2725  3.6006E-02
   12.0544    4.0000   15.5866   14.4018    4.9029    2.8534    3.5623    4.3354  7.9540E+00     -0.2725  3.4997E-02
   12.0674    4.0000   15.5866   14.3545    4.9036    2.8544    3.5619    4.3473  7.8790E+00     -0.2725  3.4006E-02
   12.0805    4.0000   15.5866   14.3070    4.9043    2.8555    3.5616    4.3593  7.8041E+00     -0.2725  3.3034E-02
   12.0936    4.0000   15.5866   14.2594    4.9050    2.8566    3.5612    4.3712  7.7291E+00     -0.2725  3.2079E-02
   12.1067    4.0000   15.5866   14.2116    4.9057    2.8576    3.5609    4.3832  7.6541E+00     -0.2725  3.1143E-02
   12.1197    4.0000   15.5866   14.1637    4.9064    2.8587    3.5605    4.3951  7.5791E+00     -0.2725  3.0225E-02
   12.1328    4.0000   15.5866   14.1156    4.9071    2.8598    3.5602    4.4071  7.5040E+00     -0.2725  2.9325E-02
   12.1459    4.0000   15.5866   14.0673    4.9078    2.8608    3.5598    4.4190  7.4290E+00     -0.2725  2.8442E-02
   12.1590    4.0000   15.5866   14.0189    4.9085    2.8619    3.5594    4.4310  7.3539E+00     -0.2725  2.7577E-02
   12.1720    4.0000   15.5866   13.9702    4.9092    2.8630    3.5591    4.4429  7.2789E+00     -0.2725  2.6730E-02
   12.1851    4.0000   15.5866   13.9215    4.9099    2.8641    3.5587    4.4548  7.2038E+00     -0.2725  2.5899E-02
   12.1982    4.0000   15.5866   13.8725    4.9106    2.8652    3.5583    4.4668  7.1287E+00     -0.2725  2.5086E-02
   12.2113    4.0000   15.5866   13.8234    4.9113    2.8663    3.5579    4.4787  7.0537E+00     -0.2725  2.4290E-02
   12.2243    4.0000   15.5866   13.7741    4.9120    2.8674    3.5576    4.4907  6.9786E+00     -0.2725  2.3511E-02
   12.2374    4.0000   15.5866   13.7246    4.9127    2.8685    3.5572    4.5026  6.9035E+00     -0.2725  2.2748E-02
   12.2505    4.0000   15.5866   13.6750    4.9134    2.8696    3.5568    4.5146  6.8284E+00     -0.2725  2.2002E-02
   12.2635    4.0000   15.5866   13.6252    4.9141    2.8707    3.5564    4.5265  6.7534E+00     -0.2725  2.1273E-02
   12.2766    4.0000   15.5866   13.5752    4.9148    2.8718    3.5561    4.5385  6.6783E+00     -0.2725  2.0560E-02
   12.2897    4.0000   15.5866   13.5250    4.9155    2.8729    3.5557    4.5504  6.6033E+00     -0.2725  1.9863E-02
   12.3028    4.0000   15.5866   13.4747    4.9162    2.8741    3.5553    4.5623  6.5283E+00     -0.2725  1.9182E-02
   12.3158    4.0000   15.5866   13.4241    4.9169    2.8752    3.5549    4.5743  6.4532E+00     -0.2725  1.8516E-02
   12.3289    4.0000   15.5866   13.3734    4.9176    2.8763    3.5545    4.5862  6.3783E+00     -0.2725  1.7867E-02
   12.3420    4.0000   15.5866   13.3226    4.9183    2.8775    3.5541    4.5982  6.3033E+00     -0.2725  1.7233E-02
   12.3551    4.0000   15.5866   13.2715    4.9190    2.8786    3.5537    4.6101  6.2283E+00     -0.2725  1.6614E-02
   12.3681    4.0000   15.5866   13.2203    4.9197    2.8797    3.5533    4.6221  6.1534E+00     -0.2725  1.6010E-02
   12.3812    4.0000   15.5866   13.1689    4.9204    2.8809    3.5529    4.6340  6.0786E+00     -0.2725  1.5422E-02
   12.3943    4.0000   15.5866   13.1173    4.9211    2.8820    3.5525    4.6460  6.0037E+00     -0.2725  1.4848E-02
   12.4073    4.0000   15.5866   13.0655    4.9218    2.8832    3.5521    4.6579  5.9289E+00     -0.2725  1.4289E-02
   12.4204    4.0000   15.5866   13.0136    4.9225    2.8843    3.5517    4.6699  5.8541E+00     -0.2725  1.3744E-02
   12.4335    4.0000   15.5866   12.9614    4.9232    2.8855    3.5513    4.6818  5.7794E+00     -0.2725  1.3213E-02
   12.4466    4.0000   15.5866   12.9091    4.9239    2.8867    3.5509    4.6937  5.7048E+00     -0.2725  1.2697E-02
   12.4596    4.0000   15.5866   12.8566    4.9246    2.8878    3.5505    4.7057  5.6301E+00     -0.2725  1.2195E-02
   12.4727    4.0000   15.5866   12.8039    4.9253    2.8890    3.5501    4.7176  5.5556E+00     -0.2725  1.1706E-02
   12.4858    4.0000   15.5866   12.7510    4.9260    2.8902    3.5497    4.7296  5.4811E+00     -0.2725  1.1231E-02
   12.4989    4.0000   15.5866   12.6980    4.9267    2.8913    3.5493    4.7415  5.4066E+00     -0.2725  1.0769E-02
   12.5119    4.0000   15.5866   12.6447    4.9274    2.8925    3.5489    4.7535  5.3323E+00     -0.2725  1.0321E-02
   12.5250    4.0000   15.5866   12.5913    4.9281    2.8937    3.5484    4.7654  5.2580E+00     -0.2725  9.8853E-03
   12.5381    4.0000   15.5866   12.5376    4.9288    2.8949    3.5480    4.7774  5.1838E+00     -0.2725  9.4626E-03
   12.5512    4.0000   15.5866   12.4838    4.9295    2.8961    3.5476    4.7893  5.1096E+00     -0.2725  9.0526E-03
   12.5642    4.0000   15.5866   12.4298    4.9302    2.8973    3.5472    4.8012  5.0356E+00     -0.2725  8.6550E-03
   12.5773    4.0000   15.5866   12.3756    4.9309    2.8985    3.5467    4.8132  4.9616E+00     -0.2725  8.2697E-03
   12.5904    4.0000   15.5866   12.3212    4.9316    2.8997    3.5463    4.8251  4.8877E+00     -0.2725  7.8964E-03
   12.6034    4.0000   15.5866   12.2666    4.9323    2.9009    3.5459    4.8371  4.8140E+00     -0.2725  7.5350E-03
   12.6165    4.0000   15.5866   12.2118    4.9330    2.9021    3.5455    4.8490  4.7403E+00     -0.2725  7.1853E-03
   12.6296    4.0000   15.5866   12.1568    4.9337    2.9034    3.5450    4.8610  4.6668E+00     -0.2725  6.8470E-03
   12.6427    4.0000   15.5866   12.1016    4.9344    2.9046    3.5446    4.8729  4.5933E+00     -0.2725  6.5200E-03
   12.6557    4.0000   15.5866   12.0463    4.9351    2.9058    3.5441    4.8849  4.5200E+00     -0.2725  6.2040E-03
   12.6688    4.0000   15.5866   11.9907    4.9358    2.9070    3.5437    4.8968  4.4469E+00     -0.2725  5.8989E-03
   12.6819    4.0000   15.5866   11.9349    4.9365    2.9083    3.5433    4.9087  4.3738E+00     -0.2725  5.6045E-03
   12.6950    4.0000   15.5866   11.8789    4.9372    2.9095    3.5428    4.9207  4.3009E+00     -0.2725  5.3206E-03
   12.7080    4.0000   15.5866   11.8228    4.9379    2.9108    3.5424    4.9326  4.2281E+00     -0.2725  5.0469E-03
   12.7211    4.0000   15.5866   11.7664    4.9386    2.9120    3.5419    4.9446  4.1555E+00     -0.2725  4.7833E-03
   12.7342    4.0000   15.5866   11.7098    4.9393    2.9133    3.5415    4.9565  4.0831E+00     -0.2725  4.5295E-03
   12.7472    4.0000   15.5866   11.6531    4.9400    2.9145    3.5410    4.9685  4.0108E+00     -0.2725  4.2854E-03
   12.7603    4.0000   15.5866   11.5961    4.9408    2.9158    3.5406    4.9804  3.9387E+00     -0.2725  4.0508E-03
   12.7734    4.0000   15.5866   11.5389    4.9415    2.9171    3.5401    4.9924  3.8667E+00     -0.2725  3.8254E-03
   12.7865    4.0000   15.5866   11.4815    4.9422    2.9183    3.5396    5.0043  3.7950E+00     -0.2725  3.6090E-03
   12.7995    4.0000   15.5866   11.4239    4.9429    2.9196    3.5392    5.0162  3.7234E+00     -0.2725  3.4015E-03
   12.8126    4.0000   15.5866   11.3661    4.9436    2.9209    3.5387    5.0282  3.6521E+00     -0.2725  3.2026E-03
   12.8257    4.0000   15.5866   11.3081    4.9443    2.9222    3.5382    5.0401  3.5809E+00     -0.2725  3.0121E-03
   12.8388    4.0000   15.5866   11.2499    4.9450    2.9235    3.5378    5.0521  3.5100E+00     -0.2725  2.8299E-03
   12.8518    4.0000   15.5866   11.1915    4.9457    2.9248    3.5373    5.0640  3.4393E+00     -0.2725  2.6557E-03
   12.8649    4.0000   15.5866   11.1328    4.9464    2.9261    3.5368    5.0760  3.3688E+00     -0.2725  2.4893E-03
   12.8780    4.0000   15.5866   11.0740    4.9471    2.9274    3.5364    5.0879  3.2986E+00     -0.2725  2.3305E-03
   12.8910    4.0000   15.5866   11.0149    4.9478    2.9287    3.5359    5.0999  3.2287E+00     -0.2725  2.1791E-03
   12.9041    4.0000   15.5866   10.9557    4.9485    2.9300    3.5354    5.1118  3.1590E+00     -0.2725  2.0349E-03
   12.9172    4.0000   15.5866   10.8962    4.9492    2.9313    3.5349    5.1238  3.0895E+00     -0.2725  1.8977E-03
   12.9303    4.0000   15.5866   10.8365    4.9499    2.9326    3.5344    5.1357  3.0204E+00     -0.2725  1.7673E-03
   12.9433    4.0000   15.5866   10.7766    4.9506    2.9339    3.5340    5.1476  2.9515E+00     -0.2725  1.6435E-03
   12.9564    4.0000   15.5866   10.7165    4.9513    2.9352    3.5335    5.1596  2.8830E+00     -0.2725  1.5261E-03
   12.9695    4.0000   15.5866   10.6561    4.9520    2.9366    3.5330    5.1715  2.8148E+00     -0.2725  1.4149E-03
   12.9826    4.0000   15.5866   10.5956    4.9527    2.9379    3.5325    5.1835  2.7469E+00     -0.2725  1.3097E-03
   12.9933    5.0000   15.5866   10.5455    4.9533    2.9390    3.5321    5.1933  2.6912E+00     -0.2725  1.2279E-03
   12.9956    5.0000   15.5866   10.5352    4.9642    2.9471    3.5308    5.1933  2.6822E+00     -0.2725  1.1447E-03
   12.9977    5.0000   15.5866   10.5245    4.9752    2.9552    3.5295    5.1933  2.6730E+00     -0.2725  1.0641E-03
   12.9999    5.0000   15.5866   10.5136    4.9862    2.9633    3.5282    5.1933  2.6636E+00     -0.2725  9.8652E-04
   13.0020    5.0000   15.5866   10.5024    4.9971    2.9714    3.5269    5.1933  2.6539E+00     -0.2725  9.1239E-04
   13.0040    5.0000   15.5866   10.4909    5.0081    2.9795    3.5255    5.1933  2.6440E+00     -0.2725  8.4201E-04
   13.0060    5.0000   15.5866   10.4790    5.0191    2.9876    3.5242    5.1933  2.6339E+00     -0.2725  7.7564E-04
   13.0080    5.0000   15.5866   10.4669    5.0300    2.9957    3.5229    5.1933  2.6235E+00     -0.2725  7.1342E-04
   13.0099    5.0000   15.5866   10.4545    5.0410    3.0039    3.5216    5.1933  2.6128E+00     -0.2725  6.5544E-04
   13.0118    5.0000   15.5866   10.4417    5.0520    3.0120    3.5203    5.1933  2.6018E+00     -0.2725  6.0168E-04
   13.0137    5.0000   15.5866   10.4286    5.0629    3.0202    3.5189    5.1933  2.5906E+00     -0.2725  5.5206E-04
   13.0155    5.0000   15.5866   10.4151    5.0739    3.0283    3.5176    5.1933  2.5791E+00     -0.2725  5.0645E-04
   13.0173    5.0000   15.5866   10.4013    5.0849    3.0365    3.5163    5.1933  2.5673E+00     -0.2725  4.6468E-04
   13.0190    5.0000   15.5866   10.3871    5.0958    3.0446    3.5149    5.1933  2.5552E+00     -0.2725  4.2652E-04
   13.0207    5.0000   15.5866   10.3726    5.1068    3.0528    3.5136    5.1933  2.5428E+00     -0.2725  3.9175E-04
   13.0224    5.0000   15.5866   10.3576    5.1178    3.0610    3.5122    5.1933  2.5301E+00     -0.2725  3.6012E-04
   13.0240    5.0000   15.5866   10.3423    5.1287    3.0692    3.5109    5.1933  2.5171E+00     -0.2725  3.3138E-04
   13.0257    5.0000   15.5866   10.3265    5.1397    3.0774    3.5095    5.1933  2.5037E+00     -0.2725  3.0529E-04
   13.0272    5.0000   15.5866   10.3104    5.1507    3.0856    3.5082    5.1933  2.4900E+00     -0.2725  2.8161E-04
   13.0288    5.0000   15.5866   10.2938    5.1616    3.0938    3.5068    5.1933  2.4760E+00     -0.2725  2.6012E-04
   13.0303    5.0000   15.5866   10.2768    5.1726    3.1020    3.5054    5.1933  2.4617E+00     -0.2725  2.4061E-04
   13.0318    5.0000   15.5866   10.2593    5.1836    3.1102    3.5041    5.1933  2.4470E+00     -0.2725  2.2289E-04
   13.0332    5.0000   15.5866   10.2413    5.1945    3.1185    3.5027    5.1933  2.4319E+00     -0.2725  2.0677E-04
   13.0347    5.0000   15.5866   10.2229    5.2055    3.1267    3.5013    5.1933  2.4164E+00     -0.2725  1.9209E-04
   13.0361    5.0000   15.5866   10.2040    5.2165    3.1350    3.4999    5.1933  2.4006E+00     -0.2725  1.7871E-04
   13.0374    5.0000   15.5866   10.1846    5.2274    3.1432    3.4985    5.1933  2.3844E+00     -0.2725  1.6649E-04
   13.0388    5.0000   15.5866   10.1422    5.2384    3.1518    3.4970    5.1933  2.3491E+00     -0.2725  1.5342E-04
   13.0393    5.0000   15.5866   10.0408    5.2430    3.1567    3.4956    5.1933  2.2650E+00     -0.2725  1.4172E-04
   13.0397    5.0000   15.5866    9.9404    5.2465    3.1609    3.4945    5.1933  2.1826E+00     -0.2725  1.3164E-04
   13.0402    5.0000   15.5866    9.8410    5.2500    3.1649    3.4933    5.1933  2.1020E+00     -0.2725  1.2226E-04
   13.0402   13.0000   15.5866    1.8373    0.4780   -4.8539    6.3097    1.8373  1.0000E-10     13.0402  2.0000E+08
   13.1402   13.0000   15.5866    1.8373    0.4780   -4.8539    6.3097    1.8373  1.0000E-10     13.0402  2.0000E+08
   14.1402   13.0000   15.5866    1.8373   -1.6048   -4.8539    5.7890    1.8373  1.0000E-10     13.0402  2.0000E+08
   23.6100   13.0000   15.5866    1.8373   -3.5701   -4.8539    5.2977    1.8373  1.0000E-10     13.0402  2.0000E+08
   -1.0000   13.0000   15.5866    1.8373   -3.5701   -4.8539    5.2977    1.8373  1.0000E-10     13.0402  2.0000E+08
